actual,predicted
-0.3810401463307469,-0.39319270849227905
-0.3685534012377853,-0.39319270849227905
-0.36861739397790083,-0.4396291971206665
-0.37175711752185786,-0.45753464102745056
-0.41432222111049155,-0.6486070156097412
-0.1985042147772728,-0.681654155254364
-0.18432893016780683,-0.7121219038963318
-0.18256494086996933,-0.7244744300842285
-0.17211724092674965,-0.4822453260421753
-0.16707193867702755,-0.43870383501052856
-0.1684927840099371,-0.6813462376594543
-0.2116208701538229,-0.6778660416603088
-0.21200497174151384,-0.5925168395042419
-0.3939443243081025,-0.6786769032478333
-0.4103341133699796,-0.6496620178222656
-0.37786446725514494,-0.6491003632545471
-0.38166289972916906,-0.6727603077888489
-0.37060973629481003,-0.6301683187484741
-0.37240540602031486,-0.6114206314086914
-0.35586102798033015,-0.6085759401321411
-0.33850064698674687,-0.5925436019897461
-0.34470340370251834,-0.6059121489524841
-0.33650455099748805,-0.6164700388908386
-0.33412065831626864,-0.6871594786643982
-0.35125148414294827,-0.6989885568618774
-0.7863299172954159,-0.6834518909454346
-0.8268979658789185,-0.6626870632171631
-0.7541202843951453,-0.6755895614624023
-0.7738436557799062,-0.6844795346260071
-0.7623444904655529,-0.6458309888839722
-0.7480826028511804,-0.6899389028549194
-0.7636625922807349,-0.6931263208389282
-0.7702112020743587,-0.4380614161491394
-0.792719082044976,-0.6562491059303284
-0.7560350494016752,-0.6903490424156189
-0.8282477819631516,-0.7205067873001099
-0.8361071850120428,-0.6980519890785217
-0.8506939777325906,-0.7042588591575623
-0.9664109735761266,-0.6820518374443054
-0.9957742956305397,-0.43300849199295044
-1.0249171876705092,-0.4589828848838806
-1.0459175312025348,-0.6534977555274963
-1.0691377046187862,-0.6534977555274963
-1.0514296093994049,-0.57059645652771
-1.0683778095341159,-0.5400453805923462
-1.0849529166928196,-0.706261396408081
-1.0697340427321091,-0.6053529381752014
-1.192455725180789,-0.756808340549469
-1.1940223054681547,-0.741029679775238
-1.1627670724794796,-0.7274648547172546
-0.99776807788313,-0.77509605884552
-0.9743462001338112,-0.7382726669311523
-0.9747621801026911,-0.7382726669311523
-1.0238185751377302,-0.7287073731422424
-1.199536369541857,-0.7287073731422424
-1.2065156126333516,-0.7287073731422424
-1.192709160545993,-0.7511621713638306
-1.0935276547220825,-0.7607274651527405
-1.042414223859075,-0.7382726669311523
-0.9191589071400474,-0.7382726669311523
-0.9017856549392017,-0.7418932318687439
-0.9017856549392017,-0.7382726669311523
-0.8789556272177875,-0.7551034092903137
-0.8836091707825939,-0.7774191498756409
-0.8888064173562208,-0.5127916932106018
-0.8921684946635607,-0.7845141887664795
-0.9185682749918443,-0.5207675695419312
-0.9217166117003736,-0.7620593905448914
-0.9221474691401881,-0.7620593905448914
-0.8174433179815408,-0.7708234190940857
-0.9079719704964537,-0.7708234190940857
-0.8807568809172442,-0.7708234190940857
-0.8682365649016461,-0.7813817858695984
-0.8612470525566904,-0.7549009323120117
-0.868713199856366,-0.762763261795044
-0.869276385782614,-0.8068565130233765
-0.9022237623569098,-0.8068565130233765
-0.9725377876171635,-0.8068565130233765
-1.0441236114255044,-0.8068565130233765
-1.0578004796754719,-0.8135266900062561
-1.0700501804258749,-0.8437042236328125
-0.9163739661192759,-0.85528963804245
-0.9480688998411011,-0.85528963804245
-0.8685635624748475,-0.8611180782318115
-0.86903763291553,-0.8611180782318115
-0.8419447451046947,-0.8080089688301086
-0.8407878672590232,-0.8080089688301086
-0.8435221381890964,-0.8215354681015015
-0.8331197697472359,-0.7334983348846436
-0.9467108665900955,-0.7184662222862244
-0.9551195001421642,-0.7794941067695618
-1.0014079185937106,-0.7946467399597168
-0.9917753435016474,-0.807644248008728
-0.9983206257828774,-0.8251325488090515
-0.994634231752545,-0.8091402649879456
-0.9488326964636935,-0.8572484254837036
-0.8187302032631232,-0.8441334366798401
-0.8599500570892701,-0.860125720500946
-0.8901339422872209,-0.8373376727104187
-0.8657396118908021,-0.817889928817749
-0.8463570742614523,-0.817889928817749
-0.8689291383123772,-0.8667507171630859
-0.852291133108535,-0.8699945211410522
-0.9750967936104197,-0.8699945211410522
-0.9622931914095901,-0.8746694326400757
-0.9637768922051105,-0.7943721413612366
-0.9495062943211099,-0.7985227704048157
-0.9678846761814585,-0.7886462807655334
-0.9711310688937252,-0.7850290536880493
-0.9585059943701912,-0.641756534576416
-0.9505617879133184,-0.4889596998691559
-0.9200803005144836,-0.47899219393730164
-0.9190823449665385,-0.5791226625442505
-0.8627231688839544,-0.6306389570236206
-0.8620638610804583,-0.6047349572181702
-0.9174329372915392,-0.775204598903656
-1.0726055197000874,-0.775204598903656
-1.0774315077797298,-0.7525336146354675
-1.0786268360119362,-0.7290496826171875
-1.1534066940609435,-0.6871969699859619
-1.1660265620978683,-0.6897828578948975
-1.0891653534128176,-0.6589412689208984
-1.097048351027226,-0.6467057466506958
-1.0695342287176206,-0.6467057466506958
-0.9736863848270333,-0.6786413788795471
-1.0048013063707288,-0.6720812916755676
-1.0061263381955103,-0.684151291847229
-0.9665815437581045,-0.6876684427261353
-0.9528459933270839,-0.7210248112678528
-0.9589337780336501,-0.7489980459213257
-0.961515076904606,-0.7382622361183167
-0.9865942456049228,-0.7459325194358826
-0.9334001596571921,-0.7528885006904602
-0.967758282525232,-0.771607518196106
-0.9623302818414156,-0.7908700108528137
-0.9311655274208971,-0.8002992868423462
-0.9120906500957701,-0.7559422254562378
-0.9031808904617759,-0.705311119556427
-0.8580097308208603,-0.7085549235343933
-0.727947935347957,-0.7274237871170044
-0.7434762273969167,-0.7792984247207642
-0.8135498951494339,-0.6921383142471313
-0.8218960690484738,-0.6921383142471313
-0.8362206138012631,-0.6705213785171509
-0.6724105675135755,-0.6774773597717285
-0.6179187812303634,-0.6774773597717285
-0.6133679293446687,-0.6774773597717285
-0.6219817753029468,-0.6774773597717285
-0.6258238666731962,-0.6774773597717285
-0.6315171548987939,-0.6550461053848267
-0.6320731192757901,-0.6639360189437866
-0.6320680867931853,-0.7334322929382324
-0.6684614811088553,-0.7064088582992554
-0.6981472603545836,-0.7406954765319824
-0.6907352745924016,-0.7333375215530396
-0.691225496552717,-0.7426537871360779
-0.7037515174724737,-0.7479367256164551
-0.7082119928579681,-0.693170964717865
-0.7238709110776836,-0.6705141067504883
-0.8838414636609633,-0.6751866340637207
-0.8902868928324288,-0.7634158134460449
-0.9039530873146029,-0.7016943693161011
-0.8978863654003334,-0.7431505918502808
-0.8843574332618679,-0.6878921985626221
-1.3618341291004459,-0.7103797793388367
-1.617438467727521,-0.6450977921485901
-1.5606906181987215,-0.6952758431434631
-1.5361890011963513,-0.7416282296180725
-1.5374499927956662,-0.6952758431434631
-1.4592618693208115,-0.6952758431434631
-1.436275441643024,-0.7085887789726257
-1.2285500232621842,-0.7651702761650085
-1.2421699634186283,-0.7690510749816895
-1.1953095046653417,-0.7897902727127075
-1.201055113207154,-0.7897902727127075
-1.1117757975265747,-0.7279263734817505
-1.0993074078666094,-0.7781505584716797
-1.0815840647325505,-0.8391075730323792
-1.144968011871692,-0.7916297912597656
-1.1344494617116112,-0.7797765731811523
-1.1231288164761546,-0.7761589288711548
-1.1273542872507578,-0.7658311128616333
-1.1130143565276778,-0.7479457855224609
-1.0718661963259422,-0.7882498502731323
-1.0353754092638277,-0.6676138639450073
-1.0144541272951024,-0.6672752499580383
-1.0028022884862355,-0.6437151432037354
-1.0241661831314046,-0.6540442705154419
-0.8981775273294212,-0.6540442705154419
-0.8757157189247872,-0.6333252191543579
-0.8753111080163949,-0.6254628896713257
-0.9369265410046193,-0.7324046492576599
-0.934059747017819,-0.7442337274551392
-0.9583513873360838,-0.7294656038284302
-0.9054737423710368,-0.7180806398391724
-1.014980657720333,-0.7037128210067749
-1.0161610738824478,-0.4867534637451172
-1.0374290556187922,-0.5653716921806335
-1.0452309536634086,-0.5682963728904724
-1.063108504796603,-0.6517273783683777
-1.0370445789173919,-0.693309485912323
-1.0365486881391839,-0.7466834783554077
-1.0263426214021207,-0.7372542023658752
-1.1144180127163372,-0.720022439956665
-1.0494584526497555,-0.7199713587760925
-1.0437358966957504,-0.6997205018997192
-1.0978805871916864,-0.6997205018997192
-1.0790922689057665,-0.7199713587760925
-1.2069094223882457,-0.7199713587760925
-1.187954090183767,-0.7355149388313293
-1.2021709059764323,-0.7355149388313293
-1.1831163399917881,-0.8052845597267151
-1.112098944860192,-0.7698743343353271
-1.0996048890941912,-0.748252809047699
-1.1406959501437905,-0.8195023536682129
-1.1207747179744263,-0.8058115839958191
-1.1291599410337863,-0.7997123003005981
-1.12857774974834,-0.7997123003005981
-1.101443132792079,-0.6107772588729858
-1.0755511662112711,-0.6363808512687683
-1.1238046945366025,-0.7801344394683838
-1.1230950808777902,-0.777099609375
-1.135546358188776,-0.7859895825386047
-1.1323391398179745,-0.8050035238265991
-1.2290968872918169,-0.8515784740447998
-1.2405620754396587,-0.8483346700668335
-1.238886377503334,-0.8282601237297058
-1.2715682175375982,-0.8282601237297058
-1.270907933388221,-0.8572750091552734
-1.4248905366468059,-0.8572750091552734
-1.4274880615111039,-0.8572750091552734
-1.4706300476211112,-0.8282601237297058
-1.5082778298968809,-0.8282601237297058
-1.583892162506059,-0.8416066765785217
-1.6240521797755771,-0.8147304058074951
-1.383795824392914,-0.7522050738334656
-1.2252962601712718,-0.7522050738334656
-1.2219404575563018,-0.7522050738334656
-1.2136833176416009,-0.760806679725647
-1.2415146396241608,-0.7351778745651245
-1.2472769173771339,-0.6477376818656921
-1.1690576711820666,-0.7383762001991272
-0.9935867081692265,-0.7318161129951477
-0.9774610441125277,-0.6975717544555664
-0.9380305572585494,-0.6673821806907654
-0.9159944868706628,-0.6616758704185486
-0.8967922259910217,-0.6616758704185486
-0.8265687897504719,-0.6511648297309875
-0.8007849478753704,-0.6461474299430847
-0.7874108510073707,-0.6669620275497437
-0.7526647661657664,-0.500280499458313
-0.7524134155688089,-0.6421722173690796
-0.7668486544575702,-0.8924279808998108
-0.7662205252187011,-0.9095646739006042
-0.7660883160542408,-0.826992928981781
-0.8230657190070481,-0.7684713006019592
-0.8744616532648789,-0.7013011574745178
-0.7822898142350306,-0.694247305393219
-0.7035294585618544,-0.8045915365219116
-0.6978446507737165,-0.8378654718399048
-0.6875108177631073,-0.855898380279541
-0.7095968541501972,-0.863415539264679
-0.8123562234987013,-0.8767256736755371
-0.8255977490567713,-0.6216095685958862
-0.8306031314630329,-0.5887826681137085
-0.8777570437406856,-0.6059384346008301
-0.882765239385679,-0.6034966707229614
-0.9319391580329492,-0.5804294347763062
-0.9390026644649176,-0.8852168321609497
-0.9614360184409882,-0.9114280939102173
-1.0424989619340044,-0.912251353263855
-1.0295330516285306,-0.9092578291893005
-1.0512609570734712,-0.9630275964736938
-1.0452462042201136,-0.9875342845916748
-1.0508847326194486,-0.9480264186859131
-1.0625406288736057,-0.9147552251815796
-1.1108126280130488,-0.8820099234580994
-1.2375336782590407,-0.8536183834075928
-1.5203198613494653,-0.8536183834075928
-1.3902295137053209,-0.8572907447814941
-1.4244589777713077,-0.8568597435951233
-1.279630939821144,-0.8676589727401733
-1.3270532203928949,-0.7626933455467224
-1.3234392084230768,-0.753522515296936
-1.3884429453413845,-0.8358073234558105
-1.4005573422228925,-0.8283115029335022
-1.4054485584106058,-0.8578293323516846
-1.4214008079579474,-0.8538331985473633
-1.401659587041827,-0.6978307366371155
-1.3097135337085168,-0.7926015257835388
-1.073533568705976,-0.758327305316925
-1.0396152839154076,-0.7771404385566711
-1.000525484657491,-0.8035606741905212
-1.0001684392123489,-0.8443230986595154
-1.0209224765323495,-0.7469831705093384
-0.96183499942468,-0.479472279548645
-0.962644771634088,-0.7675652503967285
-0.9614899831474509,-0.7197750806808472
-0.9745984367005774,-0.7277538180351257
-0.9130536541368212,-0.710019588470459
-0.8658885947400357,-0.7368589043617249
-0.8882912477324189,-0.7898189425468445
-0.8009153196751708,-0.7656203508377075
-0.8062717047414834,-0.8184364438056946
-0.7675863754782128,-0.8602457642555237
-0.7152761402657922,-0.8506450057029724
-0.712363554945189,-0.8918009400367737
-0.714552559700744,-0.8665027022361755
-0.6944314407567002,-0.8665027022361755
-0.7126874618457185,-0.9068582653999329
-0.830031669483755,-0.9275826811790466
-0.8687912142773394,-0.923309862613678
-0.7345892559582884,-0.8614754676818848
-0.7372149605260623,-0.8407095074653625
-0.7284125646338785,-0.8334556221961975
-0.7104501342016155,-0.9198127388954163
-0.7147775853841142,-0.9102082848548889
-0.6988078437525033,-0.9224255681037903
-0.6955578268748148,-0.9513799548149109
-0.7042256276918143,-0.9612288475036621
-0.7166140443175409,-0.8259368538856506
-0.7301091623998032,-0.8596795797348022
-0.8297387148485837,-0.82294100522995
-0.8137042677652261,-0.8179371953010559
-0.8845628477937559,-0.8549057841300964
-0.9175531398422138,-0.882741391658783
-0.9086726485945706,-0.9038521647453308
-0.9029019905657678,-1.0101864337921143
-0.9230726058909118,-1.0498244762420654
-0.9271307601165857,-0.9013797640800476
-0.9218019456501624,-0.8884921073913574
-0.9241017402019095,-0.8884921073913574
-1.2794795365173517,-0.8884921073913574
-1.2814229728010293,-0.8884921073913574
-1.3270480242179488,-0.8650630712509155
-1.4390343157841852,-0.8713791966438293
-1.4499739605154862,-0.9750586748123169
-1.5336484730437139,-0.9025939106941223
-1.4389174153823494,-0.8271980881690979
-1.4496493731084321,-0.8271980881690979
-1.49351741936027,-0.8515323996543884
-1.4849663164077562,-0.859769880771637
-1.4705858305966915,-0.8362305164337158
-1.461248244340207,-0.8362305164337158
-1.4538612685693288,-0.8271980881690979
-1.3277316974727513,-0.652595579624176
-1.332837433163043,-0.668808102607727
-1.3450459356599018,-0.9064666032791138
-1.3575959433820017,-0.7574690580368042
-1.3519652959619786,-0.8202469944953918
-1.3589561981788254,-0.6970130801200867
-1.2389198557649586,-0.7055403590202332
-1.1543733743389866,-0.689261257648468
-1.0976831866400711,-0.6865856051445007
-1.049329434724096,-0.6783942580223083
-1.0231730175267675,-0.6754955649375916
-1.0197517875093087,-0.6647229790687561
-1.020718466170794,-0.7055965065956116
-1.0626907495818636,-0.47740980982780457
-1.0264781637524638,-0.7902646660804749
-0.9849953616740501,-0.7902646660804749
-0.9705349498275672,-0.8045739531517029
-0.9625386630139119,-0.8480464816093445
-0.9860101071493922,-0.8408600687980652
-0.9908199049629592,-0.8839036822319031
-1.083901061074126,-0.8839036822319031
-1.088323968144812,-0.8771486282348633
-1.0905008423869385,-0.8263415694236755
-1.0443536805897595,-0.8412676453590393
-1.0769145091490924,-0.8685690760612488
-1.0839079720099791,-0.8153076767921448
-1.1315221710957948,-0.8037850260734558
-1.2410626708656558,-0.8835690021514893
-1.1814549414682216,-0.8835690021514893
-1.2057220486598645,-0.8951156735420227
-1.2304253122507143,-0.9198703169822693
-0.9324421144297078,-0.9315014481544495
-0.9324421144297078,-0.9074735641479492
-0.9487220753563356,-0.9093416333198547
-0.9956864432483019,-0.9074735641479492
-1.036233125451866,-0.8872536420822144
-1.0559347518753215,-0.9006804823875427
-0.9574537312470415,-0.9247496724128723
-0.9560598334544907,-0.933581531047821
-0.9537477589627607,-0.8136659264564514
-0.9842954002700981,-0.8136659264564514
-0.978446191517448,-0.8487243056297302
-0.979740936985448,-0.8487243056297302
-0.990555950325879,-0.8487243056297302
-1.0386711627032301,-0.8947466015815735
-0.9863398328862021,-0.9580448269844055
-0.9971128704246716,-0.94084233045578
-0.9763809347159154,-0.9336960911750793
-0.9925881727907118,-0.9220197796821594
-0.9928880064035175,-0.9220197796821594
-1.0125429651032887,-0.9253166913986206
-1.2556983425652577,-0.9515284895896912
-1.2476489470033865,-0.9671199321746826
-1.109897192147296,-0.9578208327293396
-1.0544107661323816,-1.0026369094848633
-1.0551466901615583,-1.0048253536224365
-1.034237828843516,-0.9988275170326233
-1.1485589266263863,-0.955191433429718
-1.1461686404162628,-0.955199658870697
-1.1205633138786761,-0.8619431853294373
-1.1350583016740863,-0.9383694529533386
-1.1397103140095912,-0.9045589566230774
-1.142026109328035,-0.914120614528656
-1.1161631162364258,-0.9105088710784912
-1.1175685038054255,-0.8887547850608826
-1.2339384469876802,-0.8838792443275452
-1.2305617119397727,-0.8769269585609436
-1.2391121663420697,-0.6371389031410217
-1.250461035193239,-0.640789806842804
-1.2510355326401328,-0.6296097040176392
-1.250101044368676,-0.6668659448623657
-1.2594084478957779,-0.6568119525909424
-1.2716903684704906,-0.7536523938179016
-1.3444812098305006,-0.9653475284576416
-1.434352770783152,-0.9732224941253662
-1.3786257965594741,-0.9679880738258362
-1.3479421609901097,-0.9679880738258362
-1.3533137089102616,-0.9677074551582336
-1.3348508975385864,-0.9648492932319641
-1.3513368948154625,-0.9395946264266968
-1.3484449465301385,-0.9940670132637024
-1.379209001376723,-0.9442595839500427
-1.367545420374646,-0.9442595839500427
-1.3781499501369838,-0.9996747970581055
-1.3089992561784327,-1.0177102088928223
-1.3004323571426193,-1.0051249265670776
-1.1934890221428953,-0.9835695624351501
-1.178201845462972,-0.9831385612487793
-1.1674449091127712,-0.8795851469039917
-1.1347693790420983,-0.7463118433952332
-1.0131985961703607,-0.6642060279846191
-0.979421692388625,-0.6745820045471191
-0.9874194562734973,-0.7057724595069885
-0.768557481317879,-0.5754191875457764
-0.789122685482779,-0.6764959692955017
-0.8049099668024031,-0.729810357093811
-0.8216579906212972,-0.7110760807991028
-0.8313585030036414,-0.6429151296615601
-0.8361683193621079,-0.6508602499961853
-0.8398101722962384,-0.6018522381782532
-0.8371271409997788,-0.783235490322113
-0.8343016202118684,-0.8954563736915588
-0.8411058023755584,-0.9385859370231628
-0.8493133202433836,-0.7311193943023682
-0.8468325892145319,-0.9154404401779175
-0.8434768505475846,-0.8945879340171814
-0.9091664338075747,-0.8978899121284485
-0.9119921879518044,-0.951612114906311
-0.8818941078445499,-0.9062025547027588
-0.9288144906416627,-0.9260447025299072
-0.9829647338280393,-0.9116091132164001
-1.0415064224135082,-1.0129632949829102
-1.0935636768373804,-0.9831202626228333
-1.482012800976234,-0.9831202626228333
-1.4733109461011769,-0.9571605324745178
-1.4273246930145003,-0.8831892609596252
-1.3663425424564044,-0.9083985686302185
-1.3663425424564044,-1.0301601886749268
-1.3643334014906923,-1.0213470458984375
-1.366825538200271,-1.0213470458984375
-1.3968494214196971,-1.006104826927185
-1.3284516915967586,-1.01337468624115
-1.2632878461961423,-1.006104826927185
-1.2543854775529966,-1.0213470458984375
-1.3069701019043265,-0.9121831059455872
-1.30448900523754,-1.0124449729919434
-1.2930120390254458,-1.0250715017318726
-1.2932353329384507,-1.0250715017318726
-1.336990386910538,-1.0250715017318726
-1.3516781757628937,-1.0697591304779053
-1.3558148320248469,-0.9954558610916138
-1.399482871373743,-0.944808840751648
-1.4000783767545237,-0.9560700058937073
-1.4444634055105328,-0.8935070633888245
-1.4734193715686936,-0.765231728553772
-1.4120537304381897,-0.7643311023712158
-1.4437426251321914,-0.7790142297744751
-1.4239364142933435,-0.8828383684158325
-1.4183906993997177,-0.8540212512016296
-1.435243615703658,-0.8347412347793579
-1.4059849915882396,-0.8435651659965515
-1.4161296501899427,-0.8818775415420532
-1.4492693079180017,-0.9948160648345947
-1.2735465049973274,-0.9948160648345947
-1.2517700160371568,-0.9818609952926636
-1.247036754053452,-0.9883133172988892
-1.2498788161643803,-0.9954792857170105
-1.1910668145357173,-0.9568676352500916
-1.2714397912606537,-0.8680752515792847
-1.2537139504453099,-0.764500617980957
-1.130443284183513,-0.7080029845237732
-1.1301861597808758,-0.658650815486908
-1.1235453751361493,-0.6114111542701721
-1.1147123150847233,-0.6534842848777771
-1.1046828403873143,-0.613697350025177
-1.0886319933149176,-0.47509196400642395
-1.053555041507526,-0.4390043020248413
-1.0473862105275764,-0.5392126441001892
-0.9880078225075375,-0.43120020627975464
-0.9889887215881427,-0.9457910060882568
-1.0070987070557857,-0.9448506236076355
-1.0279126109131935,-0.903357207775116
-1.0562306380562125,-0.9283709526062012
-1.1078434754317192,-0.9133462905883789
-1.1139289511907606,-0.8893030285835266
-1.1173731533223188,-0.8994191288948059
-1.1125213004061487,-0.883245587348938
-1.1727846406948617,-0.8961784839630127
-1.1295758260159,-0.9301788210868835
-1.1701847145185376,-0.9221000671386719
-1.2151803219821697,-0.9286635518074036
-1.226476862790699,-0.9286635518074036
-1.2264774311181192,-0.9009755849838257
-1.316644883296522,-1.1262245178222656
-1.2475746018854215,-1.1632310152053833
-1.2613543114610604,-1.1790354251861572
-1.2661922938900236,-1.1982215642929077
-1.2656910099698135,-1.1936932802200317
-1.3075554590917426,-1.1620937585830688
-1.2700148350670026,-1.1688508987426758
-1.2427402581291431,-1.1491199731826782
-1.2167459675283725,-1.2039225101470947
-1.2271532219899222,-1.222519874572754
-1.1900229847842567,-1.2052453756332397
-1.1851858714573764,-1.1844171285629272
-1.2015250653738083,-1.2134414911270142
-1.177151091409993,-1.2115147113800049
-1.1805621699622821,-1.2226704359054565
-1.2230041560447518,-1.2149711847305298
-1.2344707316857897,-1.2424942255020142
-1.1914388404299827,-1.2000298500061035
-0.8993702191167953,-1.2033240795135498
-0.8859234405088601,-1.1989566087722778
-0.5783930121677184,-1.2456504106521606
-0.5774125513732338,-1.15043306350708
-0.636076997003229,-1.1769887208938599
-0.6165931556552561,-1.1704689264297485
-0.5722614431724176,-1.1587458848953247
-0.5659954735352734,-1.1679714918136597
-0.6096003034682436,-1.1469290256500244
-0.649858384099278,-1.1421000957489014
-0.6439995154553101,-1.0656930208206177
-0.570391641232327,-1.0793941020965576
-0.5705115264995182,-1.0867774486541748
-0.559254797981038,-1.0995887517929077
-0.549202535745035,-1.1159504652023315
-0.5410853517974632,-1.1426115036010742
-0.5510315015597896,-1.1371002197265625
-0.53845964880945,-1.1315991878509521
-0.5322021627868354,-1.084801435470581
-0.5143983628412094,-1.106963038444519
-0.5907902798817964,-1.11467444896698
-0.5854226639318684,-1.11044442653656
-0.8564273519668424,-1.0612924098968506
-0.8550417649609066,-1.0342246294021606
-0.7973401297364857,-1.0124030113220215
-0.8184842599564274,-1.0124030113220215
-0.9228709243314467,-1.0216553211212158
-0.883357773242835,-0.9758214354515076
-0.007191547856280633,-0.9772675037384033
0.006903319523152496,-0.9805848598480225
0.03619483515770725,-0.9830924868583679
0.010058151694235186,-0.9968560338020325
0.016446487728986946,-1.111675500869751
-0.0005569081500562372,-1.1132516860961914
0.009815951262189933,-1.1193113327026367
0.006489032135736863,-1.1099247932434082
0.013387284576787875,-1.0980525016784668
0.013848102963132864,-1.0870819091796875
0.018867718223746832,-1.0928969383239746
0.024950711264082936,-1.0902467966079712
0.030981229445104504,-1.0948536396026611
0.04547641643712727,-1.1316800117492676
0.046246015887930716,-1.1247544288635254
0.044353386492381,-1.1384178400039673
0.03688295719776058,-1.225434422492981
0.04212876772554377,-1.1763336658477783
0.043684044190473226,-1.2711615562438965
0.04249871528543481,-1.2440922260284424
-0.6947606845778124,-1.2213616371154785
-0.8562949199918941,-1.23639976978302
-0.9015962077411457,-1.229623556137085
-0.9321836405287001,-1.217025637626648
-0.872744561931571,-1.2003761529922485
-0.8695987695232634,-1.255124568939209
-0.8814946155079861,-1.1774744987487793
-0.8824572878773506,-1.193243145942688
-0.8560619894087126,-1.193243145942688
-0.855614989941693,-1.1812140941619873
-0.8635927600287369,-1.1665964126586914
-0.8881887704525033,-1.1604042053222656
-0.8852770878391888,-0.9246872663497925
-0.9802738990334166,-0.9031238555908203
-0.9934207779392121,-0.9341748952865601
-0.9916867834811663,-0.8856253027915955
-0.9863958259290773,-0.8366105556488037
-1.0329031076080333,-0.8231661319732666
-1.0557480732328495,-0.8231661319732666
-1.1229774214300816,-0.8582180738449097
-1.1128932872375499,-0.8437269926071167
-1.052038949948407,-0.8450086116790771
-1.1196441587349335,-0.8360970616340637
-1.1093795093691277,-0.8360970616340637
-1.1245383513667568,-0.7911990880966187
-1.1527707535088052,-0.7911990880966187
-1.1748011128992435,-0.7811917066574097
-1.0486571400505953,-0.7811917066574097
-1.0417604222662051,-0.7864403128623962
-1.0359144354997776,-0.9010090827941895
-1.03952307118867,-0.8554169535636902
-1.0530034958867216,-0.8824104070663452
-1.0259654483764367,-0.9444213509559631
-1.0172445404810675,-0.9612315893173218
-0.9984891365320008,-0.8453149795532227
-0.9984891365320008,-0.8564265370368958
-0.959186929722829,-0.8932336568832397
-0.9816791735037727,-0.8978703022003174
-0.9849771669070653,-0.8871617913246155
-0.993321506530248,-0.8813583254814148
-0.9146102683159341,-0.9851144552230835
-0.973316154151588,-0.9615951776504517
-0.9789722738236598,-0.9691056609153748
-0.9816668413131451,-0.9754742383956909
-0.3201392664975171,-0.9469863772392273
-0.3257138144623228,-0.8830785751342773
-0.3212052840660567,-0.9535336494445801
-0.3363364908600955,-0.9535336494445801
-0.27648151895267314,-0.9800906181335449
-0.27538037881503546,-0.988121747970581
-0.27613647770138594,-0.9939600229263306
-0.2735224646183723,-0.9530428051948547
-0.2670574701276986,-0.9520646929740906
-0.26478980342098046,-0.9560461640357971
-0.2787616316034181,-0.934685468673706
-0.28078659719016774,-0.9312199950218201
-0.2778939389309859,-0.7227424383163452
-0.2503519887087897,-0.9331533908843994
-0.27040333965655416,-0.6581079363822937
-0.2737727639620727,-0.672113835811615
-0.2571494859918886,-0.9866133332252502
-0.24547433145373018,-0.9012298583984375
-0.2461912235098064,-0.8977305889129639
-0.25175350972569205,-0.922914445400238
-0.6944481617403909,-0.9165603518486023
-0.6944111550748423,-0.922499418258667
-0.647750974740055,-0.9114607572555542
-0.6355617325610101,-0.8970621228218079
-0.8086330871144654,-0.8636869192123413
-0.8006307586701987,-0.7671664953231812
-0.7932877470061884,-0.7931058406829834
-0.7953187437146028,-0.7861887812614441
-0.9350802747874853,-0.7931058406829834
-0.9571289936934182,-0.7855241894721985
-0.9240743013493627,-0.7855241894721985
-0.9436245473928617,-0.7925573587417603
-1.0178770957114176,-0.8016781210899353
-1.0771102142171527,-0.8546432256698608
-1.0967890381571463,-0.8790558576583862
-1.0721321988271648,-1.0138317346572876
-1.1591114328303684,-1.0140794515609741
-1.1821455575689048,-0.7137245535850525
-0.9856943833554798,-0.8591787815093994
-0.8706461138470358,-0.8714810013771057
-0.8001054311882234,-0.985471248626709
-0.8021933391785149,-0.97004234790802
-0.9403437591006342,-0.97004234790802
-0.9416985859327447,-0.9276812672615051
-0.9385946629233672,-0.9524033069610596
-0.9072216412328318,-0.9320294260978699
-0.8786723262309912,-0.890089213848114
-0.8734288918544683,-0.8938510417938232
-0.863852938395166,-0.8198451995849609
-0.7689654032426377,-0.8198451995849609
-0.7606133653993534,-0.780051052570343
-0.7521933712168272,-0.791242241859436
-0.6910135154645664,-0.7928352952003479
-0.6896465086889408,-0.8001586198806763
-0.6745847638092471,-0.7603644728660583
-0.6175341545354472,-0.7617400884628296
-0.5207264930251096,-0.7617400884628296
-0.5052891822279024,-0.7601917386054993
-0.5840505731837724,-0.7478043437004089
-0.6883439542021617,-0.766289472579956
-0.6336682405495967,-0.7869855761528015
-0.5892102359291375,-0.7931885719299316
-0.5972386322676712,-0.7796874046325684
-0.5997789058858698,-0.812335729598999
-0.5889124037988539,-0.7796874046325684
-0.5904639406774086,-0.8057671785354614
-0.6217053747873752,-0.7746466994285583
-0.6193523536900377,-0.9570162296295166
-0.435788638677289,-0.7831528782844543
-0.4327235748405942,-0.774989128112793
-0.4086385204650639,-0.7841900587081909
-0.4163861867429063,-0.7841900587081909
-0.43401337220528985,-0.7849503755569458
-0.4414089228350863,-0.7583014965057373
-0.4153865428486109,-0.753808856010437
-0.45167684236965383,-0.9553033113479614
-0.5329216009612041,-0.982875645160675
-0.5461647518321399,-0.9765070676803589
-0.5483506812978085,-0.9576057195663452
-0.4195344930740995,-0.9694598913192749
-0.4637756268071095,-0.9732416272163391
-0.5094916846135555,-0.9699309468269348
-0.509839178841488,-0.9895448684692383
-0.5096336016919428,-0.9699309468269348
-0.5246202938930491,-0.8382015824317932
-0.5623104488128733,-0.8378319144248962
-0.55777522850504,-0.8723188042640686
-0.5593627508395976,-0.8547518253326416
-0.8150468972061109,-0.7311525344848633
-0.8635338796516688,-0.7311525344848633
-0.9160286805511981,-0.7883594036102295
-0.9070887221270308,-0.7848939299583435
-0.898139416217997,-0.83250492811203
-0.8956754602531661,-1.007844090461731
-0.9651293071322647,-1.046148419380188
-0.9488466915692887,-1.0248185396194458
-0.9546742667833662,-1.034908413887024
-0.9361268358282463,-1.0244373083114624
-0.9119746826423246,-0.8467609286308289
-1.3072890276719267,-0.881848931312561
-1.3406218104064263,-0.8856194019317627
-1.3475509627295363,-0.8856194019317627
-1.350593555143447,-0.8705010414123535
-1.3190199433361367,-0.8655229806900024
-1.300350847994191,-0.8561980724334717
-1.2533738093195237,-0.8467077016830444
-1.2577564586058114,-0.8603814244270325
-1.2615763133721394,-0.8422893285751343
-1.2480103331677082,-0.8562326431274414
-1.30881477432231,-0.9614828824996948
-1.3057090440673274,-0.9189327955245972
-1.311695680019831,-0.9401677250862122
-1.1226760683616968,-1.0123755931854248
-1.1194252759714869,-0.9956245422363281
-1.1131380024422646,-0.9831767678260803
-1.1224251861204597,-0.9908803105354309
-1.082336885504795,-0.9983981251716614
-1.1436787155331034,-0.9835599660873413
-1.2216748862890354,-1.0051287412643433
-1.2440618983954033,-0.9892058372497559
-1.272936173032955,-0.9566909670829773
-1.2657722874835096,-0.9539940357208252
-1.2657722874835096,-0.9152385592460632
-1.2189520970423497,-0.9152385592460632
-1.2204996316804884,-0.9048810601234436
-1.238975593971154,-0.9089880585670471
-1.1644190257056322,-0.994513750076294
-1.1589229971625437,-0.8744285106658936
-1.1641115505792154,-1.0271904468536377
-1.1483613011993998,-0.9456614851951599
-0.9774180155900442,-0.9789732694625854
-0.9722536925453896,-0.9434459805488586
-0.9913767076883259,-0.9075055122375488
-1.0014312786457436,-0.9132722616195679
-0.9679145485168538,-0.8969065546989441
-0.9676811151053842,-0.8694354295730591
-0.9395600807081717,-0.8009082078933716
-0.9225572308003278,-0.8086037635803223
-0.6669237424859823,-0.8093696236610413
-0.6667229595842213,-0.7803890109062195
-0.6604883904137131,-0.8694546818733215
-0.6382670158025566,-0.7962791323661804
-0.638137778812744,-0.8205592036247253
-0.6714458159124549,-0.8631980419158936
-0.6658045932943925,-0.8136002421379089
-0.6619593790472438,-0.8099366426467896
-0.6946479645699364,-0.8484020829200745
-0.7051304830406507,-0.8066277503967285
-0.6751530366431504,-0.7909573912620544
-0.6520985916464251,-0.7715211510658264
-0.6623141227411183,-0.8506973385810852
-0.6524947493917699,-0.8385491967201233
-0.6932306738874948,-0.823262631893158
-0.6879816186362986,-0.823262631893158
-0.7005022466937875,-0.8232988715171814
-0.6964899409372157,-0.8232988715171814
-0.7150466735789146,-0.8205545544624329
-0.700052766371891,-0.8205545544624329
-0.9836190672534643,-0.8205545544624329
-0.9697919300330827,-0.8439246416091919
-0.9734816225822459,-0.828986406326294
-0.9999221597920517,-0.8879296779632568
-0.9130273649489705,-0.8960939645767212
-0.8629019281039533,-0.8660220503807068
-0.862979247706379,-0.879253089427948
-0.850962370306444,-0.8767778277397156
-0.854666988307945,-0.8078925609588623
-0.8213771388918446,-0.7917296886444092
-0.8162499631260701,-0.7549148797988892
-0.9293655132500926,-0.7727946639060974
-0.9157639631778295,-0.7597200870513916
-0.8716282714350799,-0.7846225500106812
-0.869865246641204,-0.8005305528640747
-0.8493495694762448,-0.8594375848770142
-0.8277163627581514,-0.7786138653755188
-0.7944629263518963,-0.7831078171730042
-0.7854148972149194,-0.8616311550140381
-0.8035388816497677,-0.8680598735809326
-0.8215129264483587,-0.9467900991439819
-0.8030893146269525,-0.8528705835342407
-0.7730808750729933,-0.8357572555541992
-0.7698677313166832,-0.8335463404655457
-0.8309286059574279,-0.7987372279167175
-0.8658615384468871,-0.8565171957015991
-0.8795828583235946,-0.8552731871604919
-0.8075391262212054,-0.810090184211731
-0.752817849448948,-0.7640844583511353
-0.7246894627038891,-0.8458465933799744
-0.812047753292927,-0.8709689378738403
-0.8120718905067116,-0.8731083869934082
-0.8030489564843429,-0.8874911069869995
-0.8120620710429896,-0.9068775177001953
-0.7411558062385122,-0.9493702054023743
-0.5814952273936427,-0.8849138021469116
-0.580300149110408,-0.9169484972953796
-0.5768184058010205,-0.9099641442298889
-0.572266895209637,-0.9190043807029724
-0.5882209966879776,-0.9150575399398804
-0.5478612210844795,-0.9723238348960876
-0.5726981075510578,-0.94898921251297
-0.5517797777111227,-0.9756783246994019
-0.5640338592421955,-0.9839338660240173
-0.5672799057769227,-0.9581177830696106
-0.5650314874344206,-0.9664353132247925
-0.5681695482876757,-0.9581177830696106
-0.5980698867480183,-0.9619593620300293
-0.6188574405444702,-0.9415962100028992
-0.6594432545654559,-0.957818865776062
-0.6723888015228647,-0.905112624168396
-0.6705111047418656,-0.908638596534729
-0.7018386894712374,-0.943313479423523
-0.7791890842913725,-0.9456609487533569
-0.8088321250261227,-0.9392499923706055
-1.2457502917009016,-0.946300745010376
-1.265289836928969,-0.8463211059570312
-1.2846918435920363,-0.8642387986183167
-1.298919316786384,-0.9020742774009705
-1.3373196480879146,-0.8931628465652466
-1.6455597506479007,-0.8914838433265686
-1.639893969956234,-0.9002327919006348
-1.7227413433836958,-0.8894860744476318
-1.7438397290666023,-0.889089822769165
-1.5104133739087484,-0.8918094635009766
-1.5037215200825185,-0.8791924118995667
-1.5223708099609266,-0.9030172824859619
-1.507881809263707,-0.8645068407058716
-1.6098274522352136,-0.8331775069236755
-1.6043904174627213,-0.8341552019119263
-1.623147334056111,-0.8434602618217468
-1.6236880569494296,-0.8523138761520386
-1.557662815161671,-0.8396602272987366
-1.4853872267732111,-0.8255977630615234
-1.4972368819941146,-0.8332773447036743
-1.41813903886034,-0.9077531099319458
-1.3419332675462015,-0.8990346193313599
-1.3302774120657417,-0.8926517367362976
-1.3273428487246022,-0.9013702273368835
-1.3307694919317656,-0.8689385652542114
-1.3763910675523197,-0.8551427721977234
-1.383335655747251,-0.8558142185211182
-1.4673081022509684,-0.8558142185211182
-1.453944926456195,-0.8375049829483032
-1.5692425235248786,-0.8767842054367065
-1.5651192163449694,-0.8414306640625
-1.5077703826848434,-0.8089091777801514
-0.7515397682111573,-0.8024356365203857
-0.6942989659025296,-0.8136539459228516
-0.6876455927389217,-0.7829220294952393
-0.6341630207462088,-0.7847185134887695
-0.6294332099826145,-0.7868639230728149
-0.5799414074796216,-0.8260726928710938
-0.5645875271381803,-0.8138502240180969
-0.5640713462289645,-0.8175858855247498
-0.5503794779175946,-0.8000881671905518
-0.5557747169716699,-0.8013516664505005
-0.563813462181394,-0.8650700449943542
-0.5646611838741324,-0.8380595445632935
-0.5498632827656686,-0.847175121307373
-0.5444045348874276,-0.8616030216217041
-0.5476656054214195,-0.8480416536331177
-0.5503129915937468,-0.8657741546630859
-0.5399164872518293,-0.8496837019920349
-0.5381388800774162,-0.8355923891067505
-0.5516115298013956,-0.9032670855522156
-0.5482910781251211,-0.9093884229660034
-0.7683809333707683,-0.8929932713508606
-0.8498410254720568,-0.8692848682403564
-0.8192360361511198,-0.8294374942779541
-0.89613380401759,-0.8239017724990845
-0.8635125921895979,-0.8121544718742371
-1.0058971217119168,-0.8012430667877197
-1.0320693185082737,-0.8012430667877197
-1.0309352601149624,-0.8244060277938843
-1.0467537628217105,-0.8729954361915588
-1.0703988164735987,-0.90229332447052
-1.06419774400888,-0.826181173324585
-1.0385654765325867,-0.8292461633682251
-1.1348538157886252,-0.8103034496307373
-1.025085666073311,-0.7862961888313293
-1.0256397278291947,-0.7997063994407654
-1.0483136801873767,-0.8558661937713623
-1.0018490392413948,-0.8217583894729614
-1.0032645940768978,-0.8164151906967163
-1.0357654578522069,-0.808233380317688
-1.0165664610182017,-0.8766416311264038
-1.0537492159816704,-0.9823945164680481
-1.0434883344869201,-1.0129027366638184
-1.044415209633537,-1.0218262672424316
-1.0432704909338475,-1.0551459789276123
-1.1204481408100158,-1.0445610284805298
-1.1128168155281413,-1.0594143867492676
-1.0949364828491102,-1.0644586086273193
-1.0852031616902813,-1.0566749572753906
-1.1850749620674847,-0.992560625076294
-1.0762526422748275,-0.9856394529342651
-1.0648170803814963,-1.0190914869308472
-1.0823685364793985,-1.0130956172943115
-0.9505314133975528,-1.0174248218536377
-1.049661517158274,-1.0544688701629639
-1.072602220309754,-1.0537019968032837
-1.084750174977271,-1.0676850080490112
-1.1112166952522482,-1.04966139793396
-1.1097955930373222,-1.0209821462631226
-1.1159173812447998,-1.0034527778625488
-1.1650392044234104,-1.0299242734909058
-1.2214851429818874,-1.0584943294525146
-1.197806104762117,-1.083685040473938
-1.1744683956782744,-1.0664708614349365
-1.1629940743099094,-1.1038994789123535
-0.926225787027547,-1.1358951330184937
-0.9297127770856117,-1.1280052661895752
-0.8319141537911315,-1.1078382730484009
-0.7302025957462865,-1.1197302341461182
-0.6891279705072785,-1.1105504035949707
-0.7025811873969926,-1.132449746131897
-0.7172090170187643,-1.051366925239563
-0.7180740780419909,-1.079872965812683
-0.76530253933605,-1.056923508644104
-0.7835306710356019,-0.9908770322799683
-0.6134790359153112,-0.9744690656661987
-0.609307917869072,-0.9507391452789307
-0.6015355059750418,-0.9507391452789307
-0.5944023314954762,-0.9289591908454895
-0.5635016225269742,-0.9031417965888977
-0.5635362627838717,-0.8706024885177612
-0.5668067018693875,-0.7999311089515686
-0.5732560718078504,-0.7981856465339661
-0.5840577797213901,-0.796428382396698
-0.5638311438212644,-0.9085296392440796
-0.679967143196179,-0.9003454446792603
-0.6881889868690751,-0.9027951955795288
-0.792535559923639,-0.8598828315734863
-0.9231920345139131,-0.8758765459060669
-0.9041466517832552,-0.7947779297828674
-0.9069645032252139,-0.9123289585113525
-0.9086282806043914,-0.9226747751235962
-0.9029827099078046,-0.9645066857337952
-0.9126971722590628,-0.9765249490737915
-0.9029426371862042,-0.9517638683319092
-1.1596898060693963,-0.9597036242485046
-1.0860835502455692,-0.9699932932853699
-1.096567322587955,-0.9712848663330078
-1.0967051334604199,-0.9530542492866516
-1.1243167251569826,-0.9852627515792847
-1.1108494573821386,-0.9726678729057312
-1.0497692859105163,-0.9470924735069275
-1.0430031954541914,-0.9580157995223999
-1.0449516302027722,-0.9674320220947266
-1.1234934594934403,-1.0259746313095093
-1.1598952345619755,-1.0413037538528442
-1.083108383899976,-0.9712281227111816
-1.024698408301994,-0.9865239262580872
-1.1036502334542846,-0.9751923084259033
-1.1804918556746307,-0.9226346015930176
-1.1269384371821667,-0.9120699167251587
-0.8547888086624676,-0.9120699167251587
-0.8529839111765736,-0.8830558657646179
-0.8426529938617249,-0.9387180209159851
-0.8630289313165616,-0.9273523092269897
-0.8578068358526207,-0.8905433416366577
-0.8403239046857618,-0.9278246760368347
-0.7472194856544817,-0.9131925702095032
-0.7380517887095849,-0.9056720733642578
-0.7486040124580408,-0.9524810314178467
-0.7527172045793599,-0.9097821116447449
-0.6401582867155997,-0.8924805521965027
-0.6483589567586673,-0.9138227105140686
-0.6197123887404101,-0.9032175540924072
-0.6231852484760796,-0.9340129494667053
-0.6201018673680799,-0.9270221590995789
-0.6038558296483743,-0.8860909938812256
-0.6142534306709397,-0.9706469774246216
-0.5378825674357848,-0.9596242904663086
-0.5377325688333813,-0.9769173264503479
-0.558855089255916,-1.0346344709396362
-0.7147351858376488,-1.0199331045150757
-0.6940732188232193,-1.041196346282959
-0.6789359964581143,-1.0896466970443726
-0.6804843325374079,-1.0550504922866821
-0.6622116520478288,-1.0524712800979614
-0.6539060783771956,-0.8443514704704285
-0.6854084251837349,-0.8796526789665222
-0.6655640466449443,-0.892395555973053
-0.6702030451109946,-0.9002377986907959
-0.6484522824927812,-0.8916353583335876
-0.8403851713146095,-0.9053587913513184
-0.8334037994255366,-0.8937160968780518
-0.8534782569353125,-0.8892636299133301
-0.8549722942691519,-0.8900968432426453
-0.8535122316422574,-0.9861497282981873
-0.9607218381629968,-0.9628439545631409
-0.978298140386902,-0.9687914252281189
-1.1225254493519554,-0.9106108546257019
-1.0437429144531558,-0.9166942238807678
-1.0389491397735726,-0.909977912902832
-1.073035137087146,-0.84787517786026
-1.1106568391988856,-0.8196113109588623
-0.9664032364868196,-0.8200513124465942
-0.9649520110473189,-0.829099714756012
-1.0073575504942638,-0.8661893606185913
-1.0891826963735871,-0.8878151178359985
-1.0972941819070006,-0.9484026432037354
-1.1407155668031548,-0.964063823223114
-1.101855529954093,-0.9541335105895996
-1.1937215717415135,-0.9603637456893921
-1.1792212361313958,-0.8946859836578369
-1.1920708766450594,-0.8961687088012695
-1.166575608651269,-0.9068918824195862
-1.1378054022414275,-0.934004008769989
-1.1272260087447559,-1.0035877227783203
-1.122280216672071,-0.9188005328178406
-1.1211995753243726,-0.8887777924537659
-1.0790320437766237,-0.9866906404495239
-1.1564633627872098,-0.9605286717414856
-1.13533712399737,-0.9805424213409424
-1.1330015116050138,-0.9075424075126648
-1.1369706865277887,-0.9803392291069031
-1.4294513773732151,-0.9902609586715698
-1.4270991368150328,-1.0066511631011963
-1.4189370360999944,-0.8284092545509338
-1.422818739801225,-0.8178123235702515
-1.4438528153776846,-0.8124880194664001
-1.4623464878410783,-0.8083921074867249
-1.1790513104729656,-0.8260924220085144
-1.1001237129942316,-0.795566976070404
-1.105595928416755,-0.7918694019317627
-1.0990540567928435,-0.800775945186615
-1.099751627836738,-0.7584607601165771
-1.02559940406054,-0.76848304271698
-1.0386791410225544,-0.7889169454574585
-1.040115575230332,-0.7678070664405823
-1.0159765297373315,-0.7571588754653931
-1.0544131925429092,-0.7386977672576904
-1.0493250860527574,-0.7779682874679565
-1.0774984291286311,-0.8423243165016174
-1.0372328475250485,-0.9860266447067261
-1.0380761404659185,-0.9813648462295532
-0.9803236309629202,-0.9899516105651855
-0.9810912078458918,-0.971269965171814
-0.9842170195828704,-0.9649968147277832
-0.9695696354179549,-0.9602752327919006
-0.9695627664624222,-0.9766194224357605
-0.9480210260365954,-0.978728175163269
-0.9887620488456128,-0.9436328411102295
-1.018533677543048,-0.9344220757484436
-0.8216512568801068,-0.9369183778762817
-0.766947845192257,-0.9547785520553589
-0.7660105177472442,-0.9244433045387268
-0.804261522409281,-0.9416760206222534
-0.77321723211733,-0.9490300416946411
-0.7560480147773797,-0.9472454190254211
-0.7607923222573102,-0.894870936870575
-0.7372176547927594,-0.9053604006767273
-0.7232564804454653,-0.8834202289581299
-0.7205551248426618,-0.8680298924446106
-0.7560467113533882,-0.9211480021476746
-0.7503455518405305,-0.9594646692276001
-0.7638299104273044,-0.9467895030975342
-0.7526665242732183,-0.9594120979309082
-0.762048582197819,-0.9503983855247498
-0.7831427603286327,-0.9482769966125488
-0.7814903277117503,-0.9636057615280151
-0.7727935440646406,-0.9774656295776367
-0.8616612910207863,-0.9938454031944275
-0.9100176014479477,-1.0158581733703613
-1.1878592074009215,-0.9298503994941711
-1.2680289032547514,-0.9059195518493652
-1.2561802335566363,-0.961811363697052
-1.2380475347284352,-0.9662039279937744
-1.3203196651935905,-0.9566203951835632
-1.3499690322749902,-0.9487941861152649
-1.2289581478698532,-0.9665870070457458
-1.3178478624337733,-0.9661296606063843
-1.3544595372359882,-0.8551437258720398
-1.373893963817024,-0.8577708005905151
-1.3979151429023329,-0.9010863304138184
-1.419388509609912,-0.9950747489929199
-1.470833820170738,-1.0308752059936523
-1.4381191870221408,-1.03355073928833
-1.4518181646324189,-1.0358823537826538
-1.4344853383565905,-1.0065914392471313
-1.3394092552032735,-1.0191999673843384
-1.3527796775793048,-1.0099924802780151
-1.1404740281172092,-0.9930769205093384
-0.7237843251054301,-0.9558403491973877
-0.7010961381040296,-0.8881459832191467
-0.6990683089952711,-0.9450188875198364
-0.7132550388252904,-0.9629518985748291
-0.7217048402661025,-0.9560465216636658
-0.724699206834751,-0.983027458190918
-0.7156847635511955,-0.9332879781723022
-0.7443896575347883,-0.9085178971290588
-0.7327592331265386,-0.8773697018623352
-0.6744487875600561,-0.974420964717865
-0.6735109946199874,-0.9770902395248413
-0.6670145243903042,-0.9494152069091797
-0.675897851749643,-0.9331287145614624
-0.6643132066417965,-0.8594220280647278
-0.6866210338451738,-0.8534265756607056
-0.6860260763623176,-0.715057373046875
-0.6815162536616961,-0.8500421643257141
-0.6891610811462489,-0.8880956172943115
-0.6830341279139375,-0.9002400040626526
-0.7394146491881196,-0.9418574571609497
-1.226584247315605,-0.958322286605835
-1.2667663602070716,-0.9614941477775574
-1.250541907713891,-0.9385581612586975
-1.2207699010378976,-0.9756019115447998
-0.9365523548478782,-0.9833373427391052
-0.9294809090813355,-0.9808399081230164
-0.9389453384868963,-0.961266279220581
-0.9385154199078113,-0.9380847215652466
-0.9705127861006058,-0.9395760297775269
-1.0645441869653134,-0.967937707901001
-1.0697275312594132,-0.9939769506454468
-1.0623226317971122,-0.9714894890785217
-1.0081168069930129,-0.9876819849014282
-1.0609937666305023,-0.9856945276260376
-1.061548094384576,-1.0134966373443604
-1.0912266238583799,-0.9911904335021973
-1.0412681383310252,-1.0309823751449585
-0.9905140673670436,-0.97834312915802
-0.9610062070153476,-0.9970141053199768
-0.960800419130508,-0.8684020042419434
-0.9690260097850121,-0.8454446792602539
-0.9467436357284875,-0.9945006370544434
-0.9457041989067311,-1.02122962474823
-0.9418313783424281,-0.9828871488571167
-1.2403390863347767,-0.982117772102356
-1.2412053339235682,-1.0305887460708618
-1.1102358084677206,-0.9953909516334534
-1.1114807453337898,-0.981879472732544
-1.125531425662721,-0.9761790037155151
-1.0605227246843536,-0.9436341524124146
-1.0266344764419284,-0.9820805191993713
-1.0253403300461192,-0.9603487849235535
-1.0259591662729892,-0.9474478363990784
-0.9765650159851471,-1.0112882852554321
-0.9662619773207387,-0.9701196551322937
-0.8797698686804863,-1.0224920511245728
-0.9470798594196416,-0.9978263974189758
-0.9964175641514706,-0.9979268908500671
-1.0124565141236432,-0.996769368648529
-0.9989660096079773,-0.945004403591156
-0.9869928561956025,-0.8007302284240723
-1.022795693228752,-0.7485082745552063
-1.0317358903505753,-0.7375413179397583
-1.0355959378496113,-0.7387765049934387
-0.8085694784661044,-0.7753762602806091
-0.6326057898328233,-0.7529361248016357
-0.6374689353476687,-0.7569512724876404
-0.6400794009279293,-0.7354978322982788
-0.6412927537692175,-0.7900882959365845
-0.7034259284239349,-0.7383520603179932
-0.7053974557979528,-0.768316388130188
-0.7130635108261616,-0.864331841468811
-0.7150352452860631,-0.8763918280601501
-0.7247746932278665,-0.8640722036361694
-0.7180119834083795,-0.9133199453353882
-0.8180397934612192,-0.8651857972145081
-0.8203826965737798,-0.9031648635864258
-0.6006616789197761,-0.9272148609161377
-0.5945932237759558,-0.8700122237205505
-0.5619729314092123,-0.9222921133041382
-0.5113620027120056,-1.0207172632217407
-0.5006444292926164,-1.0180108547210693
-0.4911444368020892,-1.0180108547210693
-0.4881379844363581,-1.014201045036316
-0.6040623072779296,-0.9825760126113892
-0.815337628625612,-0.9859427213668823
-0.7011497340533012,-0.9720370173454285
-0.6016167026234417,-0.8919140696525574
-0.588538438639971,-0.9394000768661499
-0.5585761084995341,-0.9855658411979675
-0.5512049958111067,-0.9942101836204529
-0.48097341103889757,-0.9527879953384399
-0.4783755933701594,-0.9131495952606201
-0.4418306248773058,-0.966373085975647
-0.39356998665482557,-0.9703524112701416
-0.3891087633963376,-0.9388211965560913
-0.3751892106165761,-0.8763444423675537
-0.4748535484094371,-0.8839104175567627
-0.47995904309712173,-0.9558153748512268
-0.5161724217420888,-0.8180398344993591
-0.5370594873092067,-0.8619154691696167
-0.5573946520256,-0.8423859477043152
-0.5664866753150989,-0.8291434645652771
-0.5517123548446888,-0.874171257019043
-0.5619234019026348,-1.1152005195617676
-0.5614986185374348,-1.037680983543396
-0.6139895797343948,-1.0221362113952637
-0.70322675565993,-0.9500488638877869
-0.6371961797539378,-0.9606786370277405
-0.6600958145280422,-0.8561762571334839
-0.6699124591923755,-0.8700001239776611
-0.7772201026769516,-0.8646813035011292
-0.778935828371015,-0.9439262747764587
-0.8306566266543036,-0.849308967590332
-0.955450098919691,-0.849308967590332
-0.9570633355541602,-0.8121293783187866
-0.972371966390792,-0.8318401575088501
-1.0112616805405037,-0.8784682750701904
-0.9942828212841752,-0.9748708605766296
-1.0043771827975616,-1.0296978950500488
-1.0962144160692184,-0.9822105169296265
-1.09393348053426,-1.0387241840362549
-1.093888621863436,-1.0546550750732422
-1.1366606894246594,-1.0714795589447021
-1.1375428716637896,-0.9446325302124023
-1.150037460949746,-0.9185582995414734
-1.1578115929871642,-0.9386030435562134
-1.1613348550986227,-0.9204025864601135
-1.4434550675494557,-0.9158067107200623
-1.5260878595036524,-0.8297399282455444
-1.5652614118964576,-0.8839256167411804
-1.5266185283409266,-0.8318464756011963
-1.290509631377273,-0.8354170918464661
-1.3265466135323438,-0.8289316296577454
-1.0807440614218216,-0.8062912225723267
-1.006590798072263,-0.8929113745689392
-1.0003278761934808,-0.87397301197052
-0.9441585299231596,-0.8787737488746643
-0.9426350235300366,-0.858698308467865
-0.9413141409649726,-0.9231584668159485
-0.9373383420613388,-0.9180704951286316
-0.9341411337535112,-0.9706982374191284
-0.7754140270436529,-0.9065394401550293
-0.7756424711757888,-0.873214066028595
-0.7728319910028101,-0.9185910820960999
-0.7706496689536875,-0.8864909410476685
-0.7706201205600505,-0.8922799229621887
-0.7728690952024432,-0.8764806985855103
-0.761355251658035,-0.9213631749153137
-0.7609120074091089,-0.9544271230697632
-0.7563015138749097,-0.9805497527122498
-0.7592143278074424,-0.9741215705871582
-0.8564939252175168,-0.9727419018745422
-0.8411248473564361,-0.8990694880485535
-0.9387389012016204,-0.9099724888801575
-1.025520383410138,-0.8983184099197388
-1.0366335611544937,-0.9063198566436768
-1.1084673774221723,-0.8867412209510803
-1.128495850982882,-0.8829017281532288
-1.1074972187664873,-0.8995437622070312
-1.1225628059196031,-0.890749454498291
-0.8880910893924246,-0.8827430009841919
-0.9653283075543947,-0.892701268196106
-0.9636818776882963,-0.8883106708526611
-0.9415978515588782,-0.9068127870559692
-0.8811923108586053,-0.9131339192390442
-0.8792922304635649,-0.93341463804245
-0.8727185673179625,-0.9054761528968811
-0.8678004668217743,-0.9085661172866821
-0.8901773852787814,-0.9796450138092041
-0.8515703167801391,-1.0412893295288086
-0.8504345502578812,-1.0589996576309204
-0.8225955431157038,-1.1123464107513428
-0.7785328862410138,-1.0763922929763794
-0.7939033193926505,-0.9737996459007263
-0.7883078325301862,-0.9607111811637878
-0.7788034828158573,-0.9969518184661865
-0.6824035554655271,-1.004555344581604
-0.6687098207937818,-0.9816189408302307
-0.6799699265560132,-1.0060616731643677
-0.6015718530389911,-0.9679054021835327
-0.7145150615907402,-0.9920644760131836
-0.7395561447991901,-1.058269739151001
-0.7118170478125462,-1.03517746925354
-0.7199075604813766,-1.0456665754318237
-0.7847411120975434,-1.033470869064331
-0.784741511354203,-1.0302237272262573
-0.7917917105612742,-1.1660840511322021
-0.8362701300673582,-1.1146475076675415
-0.8221944549862134,-1.1622296571731567
-0.8333771625912699,-1.1244304180145264
-0.8191244197729748,-1.111913800239563
-0.8112309761415843,-1.167126178741455
-0.8453114563222353,-1.159877061843872
-0.8526070783401863,-1.2619074583053589
-0.8776249852085198,-1.2531453371047974
-0.7372369778234061,-1.1920393705368042
-0.7843026873833514,-1.1600431203842163
-0.752747051417269,-1.2396053075790405
-0.764693701368267,-1.206481695175171
-0.7955060627932812,-1.0585777759552002
-0.7949353864047627,-1.16904878616333
-0.7150972348168005,-1.2629531621932983
-0.7210754972499409,-1.170419454574585
-0.7271416513663764,-1.2024210691452026
-0.726374921781127,-1.1972788572311401
-0.7277106112168428,-1.2556573152542114
-0.7117070166457727,-1.2388544082641602
-0.7194083715920915,-0.9602922797203064
-0.692747219306407,-0.9429057836532593
-0.6930093940739965,-0.8883677124977112
-0.6990342193727135,-0.8664108514785767
-0.054963654376023734,-0.9794188737869263
-0.05593185637018434,-0.9092245101928711
-0.05317343214777722,-1.0708376169204712
-0.05206354649962395,-1.1702396869659424
-0.09180569083594126,-1.0745974779129028
-0.10340854157139519,-0.9953450560569763
-0.09744723190874016,-1.0282237529754639
-0.09870474509065275,-1.0802059173583984
-0.0889311121815596,-1.0820329189300537
-0.08758075141317023,-1.072992205619812
-0.133923027569918,-1.138872504234314
-0.13256980049473663,-1.071994423866272
-0.12757575616876812,-1.0744930505752563
-0.12600345972054472,-1.0738937854766846
-0.12075765032002848,-1.0721940994262695
-0.14560493693626758,-1.1711126565933228
-0.13621958703977835,-1.1671520471572876
-0.1688431481571937,-1.114588737487793
-0.16651167494069813,-1.1454797983169556
-0.16838300321683408,-1.1849555969238281
-0.8658955557937559,-1.2007765769958496
-0.8672304653439137,-1.1902903318405151
-0.8336137878586157,-1.265973448753357
-0.8289567200431383,-1.2767739295959473
-0.8062708348501468,-1.195945143699646
-0.8056771720663899,-1.022109031677246
-0.8500104280849458,-0.9666876792907715
-0.8504457932665311,-1.0255342721939087
-0.909115907907842,-0.9719434976577759
-0.9276086934618321,-1.2770708799362183
-0.9827321110921591,-1.2812714576721191
-0.9754189229165722,-1.269765019416809
-1.0316079990832312,-1.269765019416809
-1.0450930762060995,-1.2972357273101807
-0.9533247642713437,-1.287277340888977
-0.9599443177205228,-1.291611671447754
-0.9611821624926343,-1.3070423603057861
-0.943531333211018,-1.2832244634628296
-0.9499106251794487,-1.288866639137268
-0.9166636809353709,-1.2964608669281006
-0.882223103318803,-1.427148699760437
-0.7454419590503578,-1.3718754053115845
-0.796763053699058,-1.3261351585388184
-0.7816482037284803,-1.3493947982788086
-0.7960089653106518,-1.4307175874710083
-0.7847172393204398,-1.3752236366271973
-0.7980426270320734,-1.3403425216674805
-0.8016570994231111,-1.3564704656600952
-0.8421158965657427,-1.2440953254699707
-0.8423664457351888,-1.0924732685089111
-0.8459296729657854,-1.0764268636703491
-0.847058836881174,-1.0849772691726685
-0.5506163661683479,-1.092738151550293
-0.5174794763263145,-1.0863757133483887
-0.5152067342466486,-1.096658706665039
-0.5084455031858476,-0.9607574939727783
-0.5447809531200104,-0.9762568473815918
-0.5584001382019167,-0.9709910154342651
-0.5634521711866481,-0.9555968642234802
-0.5610339435291911,-0.9671264886856079
-0.5707055479774393,-0.8496544361114502
-0.615991326109665,-0.839435338973999
-0.6266488186833493,-0.8022729158401489
-0.628052464615648,-0.932187020778656
-0.6225952542438469,-0.9278519749641418
-0.6414940393945898,-0.934965968132019
-0.6181324184746254,-0.9319780468940735
-0.5899953525795139,-0.9540004730224609
-0.590233308963016,-0.9836894869804382
-0.590233308963016,-0.9836894869804382
-0.5866463657473227,-0.8631702065467834
-0.5884864356264832,-0.826892614364624
-0.7928097469236687,-0.7668532729148865
-0.8382308490750598,-0.7682517170906067
-0.9538589408145528,-0.8918490409851074
-0.8612423201668375,-0.9036263823509216
-0.8653620217516989,-0.806885302066803
-0.8048364261277489,-0.7676888108253479
-0.8122731458838812,-0.7736362814903259
-0.8852230792236916,-0.7973989844322205
-0.8808119169467606,-0.9949723482131958
-0.9324185322792159,-0.9949723482131958
-0.8953141357925892,-1.0420012474060059
-0.9047791541920569,-1.076360821723938
-0.9300338085422569,-1.091601848602295
-0.912554468162437,-1.089593768119812
-0.9584762326985419,-1.1022101640701294
-0.9957660563796664,-1.1155059337615967
-0.9960240674153071,-1.1285723447799683
-0.9765742013882801,-1.1173545122146606
-0.9419941002860953,-1.1528862714767456
-0.936610377406414,-1.1271334886550903
-1.0253259673175081,-1.196347713470459
-1.0413538672312732,-1.1589899063110352
-1.024107898015367,-1.1491831541061401
-1.084153479203798,-1.1655402183532715
-1.0847064910777702,-1.1396981477737427
-1.2156638085623963,-1.104882836341858
-1.2156638085623963,-1.1065727472305298
-1.231905880791293,-1.1813039779663086
-1.2524161074600355,-1.0447711944580078
-1.2318208065421998,-1.0710893869400024
-1.2626802588859762,-1.035068392753601
-1.281977983117279,-1.0262975692749023
-1.2440098950191965,-1.0170482397079468
-1.2355076710024127,-1.0063581466674805
-1.2375762910593406,-1.014787197113037
-1.1703334411782085,-1.0161856412887573
-1.1028009834376309,-1.0382130146026611
-0.9411336735698588,-1.015936017036438
-0.9890199982991056,-0.9916275143623352
-0.9906215742748639,-1.0010374784469604
-1.0272495982739631,-0.8955309391021729
-1.0325864383975274,-0.8831282258033752
-0.8901965604948089,-1.0666708946228027
-0.9373351574820604,-1.1140131950378418
-0.9311282117581002,-1.128650426864624
-0.857983606256894,-1.1576004028320312
-0.23210928870831046,-1.1254178285598755
-0.2372866901497905,-1.1348845958709717
-0.23244721833381476,-1.1977126598358154
-0.22659261539614192,-1.2176167964935303
-0.2082659595032007,-1.1720610857009888
-0.20852123168636105,-1.174282193183899
-0.21024096240708426,-1.1953500509262085
-0.20720711049757606,-1.1346865892410278
-0.20562024414735958,-1.1572543382644653
-0.22185511076544476,-1.0948508977890015
-0.22066082295413922,-1.1014426946640015
-0.2604713867994689,-1.052592158317566
-0.2591917580263953,-1.0858569145202637
-0.25638708437764973,-1.171730875968933
-0.25689000572516574,-1.1947757005691528
-0.2619850441219462,-1.1659188270568848
-0.2839955791763297,-1.1540348529815674
-0.29186135738327695,-1.1895620822906494
-0.29120829757369804,-1.1590659618377686
-0.31839426944203586,-1.1371119022369385
-1.3629263397576743,-1.0964515209197998
-1.1491850477870573,-1.1694868803024292
-1.16212924438987,-1.1799559593200684
-1.0030698027594203,-1.0762016773223877
-1.0616706313355468,-1.1499879360198975
-1.0604921515570904,-1.0116349458694458
-1.0565029096073226,-1.0734933614730835
-1.1031972974272957,-0.9885199069976807
-1.1013920649166464,-1.0558589696884155
-1.0912375923921358,-1.0755170583724976
-0.7556212540134024,-1.083353042602539
-0.75603809030209,-1.0739752054214478
-0.7181803728693265,-1.0879573822021484
-0.684202205223646,-1.1216821670532227
-0.6875715602698392,-1.0735642910003662
-0.687571560269839,-1.0830531120300293
-0.6827814549136632,-1.0448204278945923
-0.6808964052879255,-1.0660525560379028
-0.6325979692989399,-1.0497074127197266
-0.6325317239815872,-1.0635892152786255
-0.6276612425422934,-1.0469144582748413
-0.7058233279871347,-1.0478421449661255
-0.6907373871015651,-1.0442594289779663
-0.7442453743977434,-1.0479944944381714
-0.7489716111894459,-1.0333335399627686
-0.7459214491655436,-1.028104543685913
-0.7432569838051365,-1.0569114685058594
-0.7424003828475335,-1.0833604335784912
-0.7537723787501017,-1.0664631128311157
-0.7564761869387734,-1.0545002222061157
-1.1201068761412887,-1.090196967124939
-1.1251236479120188,-1.1607915163040161
-0.9369582628185793,-1.1374038457870483
-0.938795376546201,-1.1388022899627686
-0.9459595179902578,-1.117729902267456
-0.9568600778074304,-1.1268885135650635
-0.9563740024046112,-1.1405285596847534
-0.6170707196005947,-1.066227674484253
-0.6618279183420029,-1.0606058835983276
-0.6134221423174057,-1.001455545425415
-0.6084424827890693,-0.9516975283622742
-0.5824147328497256,-0.8947621583938599
-0.5961591034729123,-0.8841406106948853
-0.600798907511324,-0.8900532126426697
-0.5848655123929263,-0.9019495844841003
-0.5915519844362919,-0.8678298592567444
-0.5922232546698232,-0.8721991181373596
-0.5585057372273483,-0.8708006739616394
-0.5500807627304056,-0.9458879828453064
-0.5417566604130706,-1.0186208486557007
-0.5507775547785189,-0.7405598759651184
-0.5503346553853798,-0.7550426125526428
-0.5980687988200419,-0.7818102836608887
-0.6217032662427158,-0.7392413020133972
-0.6136055472305396,-0.7511482238769531
-0.599486846893908,-0.7842956185340881
-0.5951834863410761,-0.7466433644294739
-0.9132549474335098,-0.7428928017616272
-0.9228155827325946,-0.7395074963569641
-0.9995081859284826,-0.7407148480415344
-0.9700241581450568,-0.7476464509963989
-1.1095005904940114,-0.7218102812767029
-1.1483070705843221,-0.7266404032707214
-1.1709062245312223,-0.7305409908294678
-1.182392965183618,-0.7158268094062805
-1.1650319873069859,-0.7158268094062805
-1.083695074277713,-0.6920769214630127
-1.1323090866719137,-0.7157373428344727
-1.1249820167774083,-0.7238349914550781
-1.136862512585381,-0.7285270094871521
-1.1364586220987012,-0.7261015772819519
-1.1798196351215913,-0.754012942314148
-1.1991663476508094,-0.7347584962844849
-1.2121780995198086,-0.7283281087875366
-1.2608549335420323,-0.7279496788978577
-1.2565075656068678,-0.7169440984725952
-1.2546771529216134,-0.7283281087875366
-1.2571375611714593,-0.7492120265960693
-1.2196255073567264,-0.7223542332649231
-1.208712948762142,-0.712967038154602
-1.291033382872307,-0.7007502913475037
-1.291033382872307,-0.7284989953041077
-1.2595165697742348,-0.7241504788398743
-1.2429502420289287,-0.7384292483329773
-1.2456905396719582,-0.7524546384811401
-1.2862541950848916,-0.7548865079879761
-1.3694250968038157,-0.756721556186676
-1.3673898241823927,-0.7127131819725037
-1.430615754125361,-0.7028024196624756
-1.425562017620594,-0.6999722123146057
-1.4259751586957798,-0.7753658890724182
-1.4225416694635595,-0.8912402987480164
-1.460716955304348,-0.8698238134384155
-1.1777325933469376,-0.8330249190330505
-1.1649789804035766,-0.8809195756912231
-1.1835750856556255,-0.8834694027900696
-1.187796341223163,-0.8756857514381409
-1.20900297089257,-0.8778007626533508
-1.2675953581669173,-0.840290367603302
-1.2704860900854424,-0.8278151154518127
-1.2474980154091804,-0.6812570691108704
-1.2474980154091804,-0.7114332914352417
-1.260298821576482,-0.7501952648162842
-0.9824956159841639,-0.8561158776283264
-0.9853875611582363,-0.7750884294509888
-0.855550385393183,-0.7726827263832092
-0.8492293387111489,-0.7957550883293152
-0.848468262833057,-0.8004945516586304
-0.8546546858195472,-0.8971797227859497
-0.8419506543645898,-0.8761364221572876
-0.3925182854936343,-0.7971647381782532
-0.3822981653827095,-0.7160947918891907
-0.3828382872269363,-0.7563838958740234
-0.40946054311347374,-0.7651501893997192
-0.36827273573824515,-0.7791553139686584
-0.3694767260931535,-0.8451558351516724
-0.30104355302444497,-0.7671650052070618
-0.2978671381013916,-0.8145965337753296
-0.28782454416503883,-0.8112358450889587
-0.28469714458101336,-0.7968300580978394
-0.2909397361235945,-0.7514466643333435
-0.29083242449943025,-0.8160035014152527
-0.3070000353331089,-0.7263998985290527
-0.38739924618557714,-0.7191349267959595
-0.39485102123527627,-0.7143048048019409
-0.32844301642799484,-0.7191349267959595
-0.3276292042394791,-0.7147219777107239
-0.32998110230577815,-0.8114462494850159
0.17248283878134058,-0.6811492443084717
0.17187462582047514,-0.68985915184021
0.1885674010302119,-0.704627513885498
0.24362767588503728,-0.7880998253822327
0.3051588460287307,-0.8050000071525574
0.31386066324946954,-0.821688711643219
0.3125854005338557,-0.8520452380180359
0.31072348184843307,-0.8612404465675354
0.28251216158066694,-0.9626163840293884
0.2831950526671607,-0.792662501335144
0.2753961535600095,-0.8355509042739868
0.2774406396139714,-0.8645674586296082
0.2820128539962268,-0.9257122278213501
0.2884497332429307,-0.8653368949890137
0.2978077451816481,-0.8440769910812378
0.29273682740325757,-0.8312020301818848
0.29946941393959187,-0.8367710709571838
0.27516571588712657,-0.8583081364631653
0.2750701213954259,-0.8272594809532166
0.27491693063884187,-0.754750669002533
-0.22601364606122548,-0.7889218330383301
-0.3853460195710286,-0.8722162842750549
-0.4608772770962748,-0.7399556040763855
-0.5670966649971706,-0.752785325050354
-0.7785197130107695,-0.7666308879852295
-0.9293455927740913,-0.6987944841384888
-0.9493107653568689,-0.6859909892082214
-0.9348774890621306,-0.7116842269897461
-0.9271344377832633,-0.7637896537780762
-0.9941895435167947,-0.7509070634841919
-0.9652623269255352,-0.7376626133918762
-0.9787469774635276,-0.7538571953773499
-0.9077678874012246,-0.686732292175293
-0.8470729932161124,-0.681439995765686
-0.8860771987657995,-0.6702322959899902
-0.8965380793693201,-0.6750100255012512
-0.9237397774347993,-0.6708482503890991
-0.8792544697891734,-0.6300127506256104
-0.9007756110590238,-0.6256402730941772
-0.9018580066200106,-0.6472017168998718
-0.8854451159864118,-0.6067653894424438
-0.8890245753282345,-0.6085167527198792
-0.9272825287367337,-0.6170420050621033
-0.9339019601666263,-0.6300204396247864
-1.056395121486965,-0.6355035901069641
-1.0738913356938604,-0.6734167337417603
-0.9911320491518567,-0.683197557926178
-1.0297857530294527,-0.6827889084815979
-1.0466009532964968,-0.6375188231468201
-0.9499938026243674,-0.6375188231468201
-0.6269785577538592,-0.5465100407600403
-0.5461127125359355,-0.5683609843254089
-0.5017727620547241,-0.5583235621452332
-0.5157320067191857,-0.5599344968795776
-0.5090170228831532,-0.5757989883422852
-0.48644477905095035,-0.5947155952453613
-0.435560897173918,-0.606060802936554
-0.4630006029660659,-0.6458399295806885
-0.34283610470503734,-0.6098490953445435
-0.334477715774401,-0.6049752831459045
-0.31911629881263565,-0.5160548090934753
-0.2998381124072936,-0.5404109954833984
-0.28752762647628044,-0.5479952096939087
-0.2668877119682434,-0.5638416409492493
-0.2551286331874579,-0.5910194516181946
-0.2409191648220368,-0.5860528945922852
-0.24447781895031337,-0.58646160364151
-0.2218773114571432,-0.6122077107429504
-0.22246611401232225,-0.6146166920661926
-0.2535243699303859,-0.6127169132232666
-0.3378238031168209,-0.6285560727119446
-0.37284759889465136,-0.673953115940094
-0.4498013854775549,-0.6924719214439392
-0.44917918356761805,-0.6249801516532898
-0.45687483641279303,-0.6251285076141357
-0.48914040466107755,-0.6198205351829529
-0.583119185995142,-0.675546407699585
-0.5588474481234461,-0.7336136102676392
-0.6977064952845519,-0.7014229893684387
-0.7277877508449885,-0.680034875869751
-0.839733679057641,-0.7807828783988953
-0.8699034579017395,-0.8411993980407715
-0.552377990260747,-0.8239249587059021
-0.5810190034264895,-0.8381702303886414
-0.6023673882811913,-0.8207398653030396
-0.6331239287362636,-0.8624042868614197
-0.692970127266028,-0.9017534255981445
-0.7452851272419061,-0.913215160369873
-0.7313839487305547,-0.9475775361061096
-0.7602707977716063,-0.965229332447052
-0.7797492531845015,-1.0524938106536865
-0.8250994453362391,-0.9876195788383484
-0.7816387317854981,-0.9014578461647034
-0.7796019963731314,-0.8181082010269165
-0.7971048671628808,-0.7729681730270386
-0.8225891869808971,-0.7835842967033386
-0.8173943734541687,-0.7337382435798645
-0.8201907943937021,-0.7395415902137756
-0.791970592328523,-0.7222586274147034
-0.7809698877095512,-0.7292524576187134
-0.8074641102321553,-0.7745718359947205
-0.8019987516885038,-0.7745718359947205
-1.3251573010578712,-0.7826493382453918
-0.17969826940497696,-0.8094930052757263
-0.17480360043780402,-0.8081847429275513
0.045096859750903114,-0.7882475256919861
0.08534150870915627,-0.7955648899078369
0.08651526348006144,-0.7959741950035095
0.07663121273793484,-0.771178662776947
0.07375063394414169,-0.8009074330329895
0.07834688688006476,-0.8405923247337341
0.07326369835525652,-0.7843465805053711
0.08407890339760306,-0.6974157094955444
0.08117095108700285,-0.670220673084259
0.07778980527114365,-0.6987242102622986
0.07754767433779836,-0.7175824046134949
0.06587849689259384,-0.6944240927696228
0.05252799653429563,-0.6576934456825256
0.05556328339172244,-0.6566706895828247
0.06268449772775146,-0.6819189190864563
0.057759092158232786,-0.6388985514640808
0.07397414538836898,-0.6571030020713806
0.07548209723249658,-0.7585194110870361
-0.22096433493746118,-0.6377155184745789
-0.22096599607703987,-0.654668927192688
-0.7076326586033606,-0.6629815101623535
-0.9166053095526054,-0.7151054739952087
-0.9732980993157673,-0.7845581769943237
-0.9203444581907869,-0.79438716173172
-0.9161696451728809,-0.7553669810295105
-1.0996364146853617,-0.8455381989479065
-1.0857739732569804,-0.8164247870445251
-1.1338593433843949,-0.8071208000183105
-1.1618482501132945,-0.8461748361587524
-1.0524186572961463,-0.8319792151451111
-1.054979918209882,-0.8330947756767273
-1.0349284169182569,-0.8321515321731567
-0.8894732285841455,-0.8193498849868774
-0.8916938872433013,-0.8407023549079895
-0.8509437757674796,-0.7880750894546509
-0.789077238687744,-0.8221087455749512
-0.8667188947234189,-0.8376352787017822
-0.7981999929441063,-0.8570674061775208
-0.8750678063158822,-0.792738676071167
-0.8287338994650332,-0.7834980487823486
-0.809363681580816,-0.7848383188247681
-0.8131549213922835,-0.8547057509422302
-0.618874940601267,-0.8646827936172485
-0.5880551386747849,-0.8826772570610046
-0.4944823073346544,-0.8853062391281128
-0.5170055422854392,-0.871319055557251
-0.5141677739014499,-0.8616378903388977
-0.49665623793529756,-0.8359056115150452
-0.4840012647639331,-0.8603405952453613
-0.5016461358935013,-0.8627276420593262
-0.5010041708177005,-0.8273161053657532
-0.5096502698156887,-0.8960145711898804
-0.5456493613364021,-0.892856776714325
-0.48606128753732736,-0.8686975240707397
-0.47517915538684397,-0.7343322038650513
-0.49299113634965475,-0.7547523975372314
-0.4919640770690994,-0.7440134286880493
-0.5283889714856883,-0.7266130447387695
-0.5285480784187326,-0.6685106754302979
-0.5733129660915742,-0.6663669347763062
-0.5795686559229652,-0.6164731979370117
-0.5768799988111135,-0.5862136483192444
-0.6868142947105474,-0.5852784514427185
-0.7263261504462899,-0.6341584920883179
-0.9472258014948268,-0.6546347141265869
-0.9704640157909177,-0.595205545425415
-0.9239022880218698,-0.6087964177131653
-0.9190819112717885,-0.6890353560447693
-0.9152662920622988,-0.6848996877670288
-0.8680783015251543,-0.8036434650421143
-0.844825639802149,-0.7937538623809814
-0.815581624481839,-0.7964951992034912
-0.8219101109200797,-0.7722946405410767
-0.8745013226432914,-0.7721089720726013
-0.9097385200016065,-0.7635488510131836
-0.9313322393888114,-0.7640500068664551
-0.93424321455775,-0.7450011372566223
-0.9102495375303763,-0.6292752623558044
-0.9102385624524887,-0.857770562171936
-0.9018673109543546,-0.862259030342102
-0.8847327907754035,-1.0032250881195068
-0.8444055582613742,-1.0037344694137573
-0.8808601443227727,-1.0139120817184448
-0.9270793316736006,-1.0046550035476685
-0.9557740115362388,-0.9944388270378113
-0.9668973859157424,-1.0224618911743164
-0.988598655135921,-1.004909873008728
-0.9442849073066992,-0.9976422190666199
-0.9506731356513027,-0.9813218712806702
-1.0081527811990145,-1.0264596939086914
-1.0258674049744125,-1.0586800575256348
-1.021182482864426,-1.0575271844863892
-0.976166241165532,-1.1024744510650635
-1.1428177533591566,-1.1018614768981934
-1.1002911421995456,-1.0701478719711304
-1.030559722244552,-0.9889485836029053
-0.9457617116506498,-0.9412322044372559
-0.9824180425792121,-0.9194727540016174
-0.9535482180839648,-0.9336889982223511
-0.9237447163816136,-0.9181784391403198
-0.9442713237234708,-0.9124014973640442
-0.9868686621894608,-0.7838973999023438
-1.0076935545604881,-0.9495999217033386
-1.0129015898301854,-0.7287657856941223
-1.0096180553589171,-0.7205557823181152
-1.0003257103943153,-0.7335123419761658
-0.9432946592627686,-0.7105350494384766
-0.9657810118296339,-0.7387799024581909
-0.9741626027349367,-0.7763552665710449
-0.9669579800715389,-0.7977514863014221
-0.9585848439320588,-0.8106497526168823
-0.9945524109361051,-0.756051778793335
-1.0441211303040798,-0.7630385160446167
-1.0129998735191803,-0.7926151752471924
-1.0317447425644062,-0.7860850691795349
-1.08205771327662,-0.7469079494476318
-1.1922644254809491,-0.7177170515060425
-1.1798576984175815,-0.7218397855758667
-1.2128679329611989,-0.7689163088798523
-1.2777287510631923,-0.7214869260787964
-1.2884019109324367,-0.7201911211013794
-1.3219901405352084,-0.7195067405700684
-1.25634889326897,-0.848427951335907
-1.1678559151235564,-0.7937217354774475
-1.0631922359824404,-0.7662280797958374
-1.0665726156064799,-0.7156910300254822
-0.9384441638487918,-0.7748885750770569
-0.8981355835821181,-0.7577196955680847
-0.9067937750850553,-0.9214972853660583
-0.8192822968467467,-0.9697943329811096
-0.8342133354004597,-0.9027511477470398
-0.8233105211839704,-0.8645170331001282
-0.6692958434063792,-0.8562602400779724
-0.6937683296974333,-0.8645336627960205
-0.6821803878294992,-0.8289688229560852
-0.6575453211924355,-0.7465804219245911
-0.6360436068844255,-0.7324929237365723
-0.6326401839162822,-0.7241837978363037
-0.6256311336377406,-0.7308273315429688
-0.6312322351280354,-0.6848752498626709
-0.6082071581190971,-0.7050526738166809
-0.5838232897702733,-0.7807291746139526
-0.5893836717187172,-0.8483234643936157
-0.5448302748291026,-0.859040379524231
-0.573731749553611,-0.8256622552871704
-0.550883430831598,-0.9035428166389465
-0.5810237775020788,-0.9899965524673462
-0.5985201469089267,-0.9432299137115479
-0.5925146917604837,-0.895021915435791
-0.6265864709641951,-0.9249489307403564
-0.6270665832353209,-0.937004029750824
-0.6295455452508932,-0.9191072583198547
-0.7937752275526672,-0.9299735426902771
-0.790171425663016,-0.7671186327934265
-0.7805385226703743,-0.8811807036399841
-0.8000149959684565,-0.9186891913414001
-0.7555161735188435,-0.930505096912384
-0.7496733659980233,-0.9037074446678162
-0.6933653637414421,-0.9300513863563538
-0.6308833873384552,-0.9218599796295166
-0.6490307389529035,-0.825945258140564
-0.670935913472053,-0.8449847102165222
-0.5595740408379137,-0.9992428421974182
-0.4538171587026518,-0.977145254611969
-0.34322247416866436,-0.9941522479057312
-0.2467439146062443,-0.975511908531189
-0.2574339441790934,-0.9810020327568054
-0.2580300059775922,-0.9684335589408875
-0.2555305405193531,-0.9833361506462097
-0.19478326237490287,-1.0376508235931396
-0.19787143021829814,-1.0238945484161377
-0.20143052199099257,-1.0045497417449951
-0.2020336951015766,-1.0291796922683716
-0.2102784487589411,-0.9689372777938843
-0.2162422389601134,-0.8972893953323364
-0.21735978288728267,-0.9298103451728821
-0.2183427048984758,-0.9590901136398315
-0.21137307831864657,-0.9427130818367004
-0.2519921394132629,-0.9487384557723999
-0.2661512076238922,-0.951697051525116
-0.24942200734274694,-0.9513078927993774
-0.24948312882335907,-1.0299513339996338
-0.3116947201113193,-0.9306892156600952
-0.4427839723552521,-0.8899915218353271
-0.6418558162688368,-0.9231683611869812
-0.7683965762732504,-0.8754924535751343
-0.6763710794364994,-0.8989388942718506
-0.6869681632907877,-0.9106740951538086
-0.5357251851403718,-0.9090687036514282
-0.7223537200636317,-0.8799551725387573
-0.7251767041392132,-0.8963773846626282
-0.729165048860358,-0.8760301470756531
-0.3619786266164479,-0.8622885942459106
-0.30805863604891315,-0.882079541683197
-0.3022620446714108,-0.8565484285354614
-0.2929003324043098,-0.8683885931968689
-0.30356768170125886,-0.8842353820800781
-0.3085518404413108,-0.8824551105499268
-0.30314099979466297,-0.8140247464179993
-0.2851881085700635,-0.8228921890258789
-0.2897698587376589,-0.8097813725471497
-0.28952608580687794,-0.8287261128425598
-0.2792176511924336,-0.7248653173446655
-0.24502842912633482,-0.6056006550788879
-0.21414270701272303,-0.6151337027549744
-0.20195420320911872,-0.6383832097053528
-0.2457377843359868,-0.6966201663017273
-0.24687204923885128,-0.7018055319786072
-0.34493858666091837,-0.7107982039451599
-0.34505026383656734,-0.6901228427886963
-0.3526894968971271,-0.677889347076416
-0.37437827217786557,-0.70469069480896
-0.6513874837879502,-0.6868811845779419
-0.7104905970505903,-0.757453441619873
-0.7076677986471662,-0.8031454682350159
-0.6897288223163808,-0.7928513884544373
-0.6881745432883509,-0.7502458691596985
-0.6245830664642622,-0.8581910133361816
-0.6350722687964541,-0.9147343039512634
-0.6441612812423748,-0.9162889719009399
-0.6581215934820746,-0.9885314106941223
-0.6570304761774719,-0.9055497050285339
-0.682579358927747,-0.9348429441452026
-0.7428918100147971,-0.9651584029197693
-0.8582771888707936,-1.0136003494262695
-0.9148598764662573,-0.9557771682739258
-0.91757610606951,-0.8234246373176575
-0.6803160630783237,-0.7784141302108765
-0.5680928899472558,-0.7512943744659424
-0.5061500884240262,-0.760565459728241
-0.4534074698449813,-0.7496134042739868
-0.4467975843508621,-0.7555051445960999
-0.4253760447939853,-0.787388801574707
-0.4102842392121668,-0.8065962791442871
-0.43016941889193877,-0.7868935465812683
-0.4583882220025278,-0.7333124876022339
-0.4143079951910879,-0.7104272842407227
-0.435358961167374,-0.7726878523826599
-0.41745858473988817,-0.7926512360572815
-0.4258387467915213,-0.8046175837516785
-0.42512920752288896,-0.8081777095794678
-0.38515684829535196,-0.8431289792060852
-0.38700696631077297,-0.8324196934700012
-0.3113782924361007,-0.8785736560821533
-0.29099542225657166,-0.914378821849823
-0.2959172939481994,-0.8844914436340332
-0.2831071380340233,-0.9626786112785339
-0.4244962700395728,-0.9849138855934143
-0.46190799980956265,-1.0130376815795898
-0.495298839745622,-1.0810925960540771
-0.6063242002098601,-1.0818041563034058
-0.6124330962716709,-1.052368402481079
-0.5673521664833919,-1.0443096160888672
-0.5776519072923955,-0.8528099060058594
-0.5791308311000118,-0.7934523820877075
-0.5855972301613032,-0.7539749145507812
-0.611898518264675,-0.7670286893844604
-0.6818572723151294,-0.7793111205101013
-0.36813062160666193,-0.7998784184455872
-0.3817731359180499,-0.8630028963088989
-0.3762006889631321,-0.8749336004257202
-0.39831139837891805,-0.8829769492149353
-0.3638372881079417,-0.8297795057296753
-0.4534106904829661,-0.835785448551178
-0.48566446931199175,-0.9129599928855896
-0.4761576951716397,-0.9087986946105957
-0.503119475046591,-0.8107373714447021
-0.4966749231375562,-0.816377580165863
-0.5025137129979235,-0.873812735080719
-0.5096542608880679,-0.8652632832527161
-0.4790152263542833,-0.8595600724220276
-0.5128793532721762,-0.850023090839386
-0.4777374508292095,-0.8494301438331604
-0.5865323301238698,-0.9003131985664368
-0.5402077666861873,-0.9252832531929016
-0.5562102586202542,-0.9201675653457642
-0.5298724710147826,-0.9276196360588074
-0.5017608960593972,-0.9209350943565369
-0.7342934738708542,-0.9249115586280823
-0.7223486029271933,-0.919653594493866
-0.6979278424547337,-1.056441307067871
-0.6853448902580551,-1.0772403478622437
-0.6924826819428499,-1.0477358102798462
-0.6621950195792043,-1.0774766206741333
-0.6692721929884233,-1.076997995376587
-0.678939809028348,-1.0609512329101562
-0.6773745494923953,-1.0686081647872925
-0.6233059553628099,-1.0906890630722046
-0.6185233851388461,-1.0946149826049805
-0.5918519044996483,-1.046867847442627
-0.6202925970121389,-1.0126333236694336
-0.6414128149410705,-1.0059916973114014
-0.7088656176010038,-0.9083757400512695
-0.7038650918032267,-0.8156837224960327
-0.7555929834059701,-0.8457760214805603
-0.7097063029060516,-0.8452000617980957
-0.7493335842220183,-0.8365126848220825
-0.7568914145676774,-0.8396573066711426
-0.7808334214611236,-0.8113178014755249
-0.7309631222417328,-0.7708754539489746
-0.7184729065299842,-0.7404004335403442
-0.6836998803525016,-0.7469894289970398
-0.6395336505948065,-0.7204292416572571
-0.6138025564843042,-0.7043591141700745
-0.5514408407356094,-0.7730658650398254
-0.5447650039489716,-0.7904579639434814
-0.5447798383066199,-0.7959405183792114
-0.6064749512732298,-0.8325281143188477
-0.546203551946159,-0.8642444014549255
-0.5543865161922282,-0.8465202450752258
-0.558834928508651,-0.8346258997917175
-0.5720058736609069,-0.8611105680465698
-0.5644115361999557,-0.893942654132843
-0.5748701356718746,-0.8684967160224915
-0.5617053688653213,-0.8652706146240234
-0.6170643953478333,-0.8597042560577393
-0.6222835057207858,-0.8957200646400452
-0.6282926207627824,-0.9489009976387024
-0.5879664628369348,-0.9119107127189636
-0.6105622926112723,-0.9110849499702454
-0.6524773366853475,-0.9267016649246216
